function [c] = color_library()

c(1,:) = [0 0.4470 0.7410]; % 深蓝 KF不calibrate
c(2,:) = [0.8500 0.3250 0.0980];
c(3,:) = [0.9290 0.6940 0.1250]; % 土黄 DE
c(4,:) = [0.4940 0.1840 0.5560]; % 紫色
c(5,:) = [0.4660 0.6740 0.1880]; % 草绿 无DE
c(6,:) = [0.3010 0.7450 0.9330]; % 浅蓝 KF calibrate
c(7,:) = [0.6350 0.0780 0.1840]; % 深红 真实

c(8,:) = [0,77,128]./255; % 深蓝
c(9,:) = [86,193,255]./255; % 浅蓝
c(10,:) = [151,14,83]./255; % 深紫
c(11,:) = [255,149,202]./255; % 浅粉

c(12,:) = [230,120,138]./255; %
c(13,:) = [196,145,69]./255; % 
c(14,:) = [153,162,70]./255; % 
c(15,:) = [91,175,109]./255; % 
c(16,:) = [91,170,164]./255; % 
c(17,:) = [91,165,204]./255; % 
c(18,:) = [160,141,237]./255; % 
c(19,:) = [209,130,244]./255; % 

c(20,:) = [111,203,114]./255; % 
c(21,:) = [94,148,217]./255; % 
c(22,:) = [144,86,180]./255; % 

% 橙红色渐变色 由浅到深
c(23,:) = [224,181,120]./255; % 
c(24,:) = [219,167,110]./255; % 
c(25,:) = [214,155,101]./255; % 
c(26,:) = [205,139,90]./255; % 
c(27,:) = [199,128,82]./255; % 
c(28,:) = [194,114,78]./255; % 
c(29,:) = [185,100,71]./255; % 
c(30,:) = [180,87,66]./255; % 

% 蓝色渐变色 由深到浅
c(31,:) = [87,129,191]./255; % 
c(32,:) = [103,143,197]./255; % 
c(33,:) = [117,154,204]./255; % 
c(34,:) = [129,166,212]./255; % 
c(35,:) = [146,180,221]./255; % 
c(36,:) = [160,192,229]./255; % 
c(37,:) = [172,202,234]./255; % 
c(38,:) = [191,218,244]./255; % 

c(39,:) = [220,129,115]./255; % 
c(40,:) = [231,182,128]./255; % 
c(41,:) = [250,246,147]./255; % 

c(42,:) = [216,216,216]./255; % 白灰色

% 绿色渐变色 由深到浅
c(43,:) = [61,114,62]./255;
c(44,:) = [101,158,119]./255;
c(45,:) = [134,202,148]./255;
c(46,:) = [210,228,115]./255;
c(47,:) = [186,219,114]./255;

% 7色 橙 黄 红 紫 绿 蓝 黑
c(48,:) = [235,131,77]./255;
c(49,:) = [227,165,11]./255;
c(50,:) = [224,82,94]./255;
c(51,:) = [137,132,207]./255;
c(52,:) = [60,164,175]./255;
c(53,:) = [40,115,188]./255;
c(54,:) = [53,76,83]./255;



% 6色 蓝紫 蓝 紫 绿 黄 橙红
c(55,:) = [70,51,145]./255;
c(56,:) = [81,137,217]./255;
c(57,:) = [150,69,139]./255;
c(58,:) = [111,191,84]./255;
c(59,:) = [248,181,6]./255;
c(60,:) = [243,111,92]./255;

%%% dPCA 同款配色
c(61,:) = [241,45,51]./255;
c(62,:) = [244,118,7]./255;
c(63,:) = [236,207,2]./255;
c(64,:) = [73,151,71]./255;
c(65,:) = [40,112,252]./255;
c(66,:) = [7,4,243]./255;

% color from python - rSLDS
%%% import seaborn as sns
%%% color_names = ["windows blue", "red", "amber", "faded green", "greyish", "dusty purple", "umber", "milk chocolate", "darkblue"]
%%% colors = sns.xkcd_palette(color_names)
c(67,:) = [0.21568627450980393, 0.47058823529411764, 0.7490196078431373];
c(68,:) = [0.8980392156862745, 0.0, 0.0];
c(69,:) = [0.996078431372549, 0.7019607843137254, 0.03137254901960784];
c(70,:) = [0.4823529411764706, 0.6980392156862745, 0.4549019607843137];
c(71,:) = [0.6588235294117647, 0.6431372549019608, 0.5843137254901961];
c(72,:) = [0.5098039215686274, 0.37254901960784315, 0.5294117647058824];
c(73,:) = [0.6980392156862745, 0.39215686274509803, 0.0];
c(74,:) = [0.4980392156862745, 0.3058823529411765, 0.11764705882352941];
c(75,:) = [0.011764705882352941, 0.027450980392156862, 0.39215686274509803];

% pair box plot
c(76,:) = [59 125 183]./255;
c(77,:) = [244 146 121]./255;
c(78,:) = [242 166 31]./255;
c(79,:) = [180 68 108]./255;
c(80,:) = [220 211 30]./255;

c(81,:) = [102,173,194]./255;
c(82,:) = [36,59,66]./255;
c(83,:) = [232,69,69]./255;
c(84,:) = [194,148,102]./255;
c(85,:) = [54,43,33]./255;

c(86,:) = [38,140,209]./255;
c(87,:) = [219,51,46]./255;
c(88,:) = [41,161,153]./255;
c(89,:) = [181,138,0]./255;
c(90,:) = [107,112,196]./255;

c(91,:) = [110,153,89]./255;
c(92,:) = [230,201,41]./255;
c(93,:) = [79,79,54]./255;
c(94,:) = [245,245,245]./255;
c(95,:) = [199,204,158]./255;

c(96,:) = [235,75,55]./255;
c(97,:) = [77,186,216]./255;
c(98,:) = [2,162,136]./255;
c(99,:) = [58,84,141]./255;
c(100,:) = [245,155,122]./255;

c(101,:) = [23,23,23]./255;
c(102,:) = [121,17,36]./255;
c(103,:) = [44,9,75]./255;
c(104,:) = [31,80,91]./255;
c(105,:) = [61,36,42]./255;

c(106,:) = [126,15,4]./255;
c(107,:) = [122,117,119]./255;
c(108,:) = [255,163,25]./255;
c(109,:) = [135,146,73]./255;
c(110,:) = [30,93,134]./255;

% chatgpt - 9

c(111,:) = [197, 57, 50]./255; % 深红色
c(112,:) = [242, 142, 43]./255; % 橙色
c(113,:) = [249, 205, 36]./255; % 酱黄色
c(114,:) = [137, 179, 92]./255; % 橄榄绿
c(115,:) = [0, 117, 63]./255; % 深绿色
c(116,:) = [0, 101, 172]./255; % 靛蓝色
c(117,:) = [91, 31, 127]./255; % 蓝紫色
c(118,:) = [228, 0, 127]./255; % 桃红色
c(119,:) = [0, 163, 218]./255; % 海蓝色


c(120,:) = [42,80,139]./255; % 浙大蓝

c(121,:) = [150,0,0]./255; % 深红
c(122,:) = [254,4,0]./255; % 正红
c(123,:) = [255,119,0]./255; % 橙色
c(124,:) = [255,199,0]./255; % 黄色
c(125,:) = [91,211,49]./255; % 绿色
c(126,:) = [0,213,255]./255; % 天蓝
c(127,:) = [47,85,151]./255; % 深蓝

c(128,:) = [245,229,34]./255; % 黄色
c(129,:) = [70,19,88]./255; % 深蓝

% encoding paper 解码轨迹颜色 GT KF DyLearn LSTM
c(130,:) = [72,95,128]./255; % 蓝色
c(131,:) = [224,184,84]./255; % 黄色
c(132,:) = [181,160,204]./255; % 浅紫
c(133,:) = [133,112,160]./255; % 中紫
c(134,:) = [73,65,123]./255; % 深紫
c(135,:) = [119,172,48]./255; % 绿色

% figure()
% for i = 1:size(c,1)
%     plot([i,i],[1,2],'color',c(i,:),'LineWidth',10);
%     hold on;
% end


end

