function params = get_params_set_for_demo()

params.select_neuron_by_svm_threshold = 0.05;
params.good_neuron_index = [8	25	35	48	50	56	65	66	67	69	70	76	82	88	91	93	94	98	111	113	115	121	123	131	133	143	145	153	155	161	165	167	171	172	173	178	181	182	183	189];
params.sequence_length = 10;

end

